OLL ID: OLL 1
[[[-1, -1, -1], [-1, -1, -1], [-1, -1, -1]], [[5, 5, 5], [-1, -1, -1], [-1, -1, -1]], [[-1, 5, -1], [-1, -1, -1], [-1, -1, -1]], [[5, 5, 5], [-1, -1, -1], [-1, -1, -1]], [[-1, 5, -1], [-1, -1, -1], [-1, -1, -1]], [[-1, -1, -1], [-1, -1, -1], [-1, -1, -1]]]
OLL ID: OLL 2
[[[-1, -1, -1], [-1, -1, -1], [-1, -1, -1]], [[5, 5, 5], [-1, -1, -1], [-1, -1, -1]], [[-1, 5, 5], [-1, -1, -1], [-1, -1, -1]], [[-1, 5, -1], [-1, -1, -1], [-1, -1, -1]], [[5, 5, -1], [-1, -1, -1], [-1, -1, -1]], [[-1, -1, -1], [-1, -1, -1], [-1, -1, -1]]]
OLL ID: OLL 3
[[[-1, -1, -1], [-1, -1, -1], [5, -1, -1]], [[-1, 5, -1], [-1, -1, -1], [-1, -1, -1]], [[-1, 5, 5], [-1, -1, -1], [-1, -1, -1]], [[-1, 5, 5], [-1, -1, -1], [-1, -1, -1]], [[-1, 5, 5], [-1, -1, -1], [-1, -1, -1]], [[-1, -1, -1], [-1, -1, -1], [-1, -1, -1]]]
OLL ID: OLL 4
[[[-1, -1, -1], [-1, -1, -1], [-1, -1, 5]], [[5, 5, -1], [-1, -1, -1], [-1, -1, -1]], [[5, 5, -1], [-1, -1, -1], [-1, -1, -1]], [[-1, 5, -1], [-1, -1, -1], [-1, -1, -1]], [[5, 5, -1], [-1, -1, -1], [-1, -1, -1]], [[-1, -1, -1], [-1, -1, -1], [-1, -1, -1]]]
OLL ID: OLL 5
[[[-1, -1, -1], [-1, -1, 5], [-1, 5, 5]], [[-1, 5, 5], [-1, -1, -1], [-1, -1, -1]], [[-1, -1, -1], [-1, -1, -1], [-1, -1, -1]], [[-1, -1, 5], [-1, -1, -1], [-1, -1, -1]], [[-1, 5, 5], [-1, -1, -1], [-1, -1, -1]], [[-1, -1, -1], [-1, -1, -1], [-1, -1, -1]]]
OLL ID: OLL 6
[[[-1, 5, 5], [-1, -1, 5], [-1, -1, -1]], [[5, 5, -1], [-1, -1, -1], [-1, -1, -1]], [[5, 5, -1], [-1, -1, -1], [-1, -1, -1]], [[5, -1, -1], [-1, -1, -1], [-1, -1, -1]], [[-1, -1, -1], [-1, -1, -1], [-1, -1, -1]], [[-1, -1, -1], [-1, -1, -1], [-1, -1, -1]]]
OLL ID: OLL 7
[[[-1, 5, -1], [5, -1, -1], [5, -1, -1]], [[-1, -1, -1], [-1, -1, -1], [-1, -1, -1]], [[-1, 5, 5], [-1, -1, -1], [-1, -1, -1]], [[-1, 5, 5], [-1, -1, -1], [-1, -1, -1]], [[-1, -1, 5], [-1, -1, -1], [-1, -1, -1]], [[-1, -1, -1], [-1, -1, -1], [-1, -1, -1]]]
OLL ID: OLL 8
[[[-1, 5, -1], [-1, -1, 5], [-1, -1, 5]], [[5, 5, -1], [-1, -1, -1], [-1, -1, -1]], [[5, 5, -1], [-1, -1, -1], [-1, -1, -1]], [[-1, -1, -1], [-1, -1, -1], [-1, -1, -1]], [[5, -1, -1], [-1, -1, -1], [-1, -1, -1]], [[-1, -1, -1], [-1, -1, -1], [-1, -1, -1]]]
OLL ID: OLL 9
[[[-1, -1, 5], [5, -1, -1], [-1, 5, -1]], [[5, -1, -1], [-1, -1, -1], [-1, -1, -1]], [[5, -1, -1], [-1, -1, -1], [-1, -1, -1]], [[5, 5, -1], [-1, -1, -1], [-1, -1, -1]], [[-1, 5, -1], [-1, -1, -1], [-1, -1, -1]], [[-1, -1, -1], [-1, -1, -1], [-1, -1, -1]]]
OLL ID: OLL 10
[[[-1, -1, 5], [5, -1, -1], [-1, 5, -1]], [[-1, -1, 5], [-1, -1, -1], [-1, -1, -1]], [[-1, -1, 5], [-1, -1, -1], [-1, -1, -1]], [[-1, 5, -1], [-1, -1, -1], [-1, -1, -1]], [[-1, 5, 5], [-1, -1, -1], [-1, -1, -1]], [[-1, -1, -1], [-1, -1, -1], [-1, -1, -1]]]
OLL ID: OLL 11
[[[-1, -1, -1], [-1, -1, 5], [5, 5, -1]], [[-1, 5, -1], [-1, -1, -1], [-1, -1, -1]], [[-1, -1, 5], [-1, -1, -1], [-1, -1, -1]], [[-1, -1, 5], [-1, -1, -1], [-1, -1, -1]], [[-1, 5, 5], [-1, -1, -1], [-1, -1, -1]], [[-1, -1, -1], [-1, -1, -1], [-1, -1, -1]]]
OLL ID: OLL 12
[[[-1, -1, 5], [-1, -1, 5], [-1, 5, -1]], [[5, 5, -1], [-1, -1, -1], [-1, -1, -1]], [[5, -1, -1], [-1, -1, -1], [-1, -1, -1]], [[5, -1, -1], [-1, -1, -1], [-1, -1, -1]], [[-1, 5, -1], [-1, -1, -1], [-1, -1, -1]], [[-1, -1, -1], [-1, -1, -1], [-1, -1, -1]]]
OLL ID: OLL 13
[[[-1, -1, -1], [5, -1, 5], [5, -1, -1]], [[-1, -1, -1], [-1, -1, -1], [-1, -1, -1]], [[-1, 5, 5], [-1, -1, -1], [-1, -1, -1]], [[-1, -1, 5], [-1, -1, -1], [-1, -1, -1]], [[-1, 5, 5], [-1, -1, -1], [-1, -1, -1]], [[-1, -1, -1], [-1, -1, -1], [-1, -1, -1]]]
OLL ID: OLL 14
[[[-1, -1, -1], [5, -1, 5], [-1, -1, 5]], [[5, -1, -1], [-1, -1, -1], [-1, -1, -1]], [[5, 5, -1], [-1, -1, -1], [-1, -1, -1]], [[-1, -1, -1], [-1, -1, -1], [-1, -1, -1]], [[5, 5, -1], [-1, -1, -1], [-1, -1, -1]], [[-1, -1, -1], [-1, -1, -1], [-1, -1, -1]]]
OLL ID: OLL 15
[[[-1, -1, -1], [5, -1, 5], [-1, -1, 5]], [[-1, -1, 5], [-1, -1, -1], [-1, -1, -1]], [[-1, 5, -1], [-1, -1, -1], [-1, -1, -1]], [[-1, -1, 5], [-1, -1, -1], [-1, -1, -1]], [[-1, 5, 5], [-1, -1, -1], [-1, -1, -1]], [[-1, -1, -1], [-1, -1, -1], [-1, -1, -1]]]
OLL ID: OLL 16
[[[-1, -1, 5], [5, -1, 5], [-1, -1, -1]], [[5, -1, -1], [-1, -1, -1], [-1, -1, -1]], [[5, 5, -1], [-1, -1, -1], [-1, -1, -1]], [[5, -1, -1], [-1, -1, -1], [-1, -1, -1]], [[-1, 5, -1], [-1, -1, -1], [-1, -1, -1]], [[-1, -1, -1], [-1, -1, -1], [-1, -1, -1]]]
OLL ID: OLL 17
[[[5, -1, -1], [-1, -1, 5], [-1, 5, 5]], [[-1, 5, 5], [-1, -1, -1], [-1, -1, -1]], [[-1, -1, -1], [-1, -1, -1], [-1, -1, -1]], [[-1, -1, 5], [-1, -1, -1], [-1, -1, -1]], [[-1, -1, -1], [-1, -1, 5], [-1, -1, -1]], [[-1, -1, -1], [-1, -1, -1], [-1, -1, -1]]]
OLL ID: OLL 18
[[[5, -1, 5], [-1, -1, -1], [-1, -1, -1]], [[-1, 5, -1], [-1, -1, -1], [-1, -1, -1]], [[5, 5, 5], [-1, -1, -1], [-1, -1, -1]], [[-1, 5, -1], [-1, -1, -1], [-1, -1, -1]], [[-1, 5, -1], [-1, -1, -1], [-1, -1, -1]], [[-1, -1, -1], [-1, -1, -1], [-1, -1, -1]]]
OLL ID: OLL 19
[[[5, 5, -1], [5, -1, -1], [-1, -1, 5]], [[-1, -1, -1], [-1, -1, -1], [-1, -1, -1]], [[5, 5, -1], [-1, -1, -1], [-1, -1, -1]], [[-1, -1, -1], [-1, -1, -1], [-1, -1, -1]], [[5, -1, -1], [5, -1, -1], [-1, -1, -1]], [[-1, -1, -1], [-1, -1, -1], [-1, -1, -1]]]
OLL ID: OLL 20
[[[5, -1, 5], [-1, -1, -1], [5, -1, 5]], [[-1, 5, -1], [-1, -1, -1], [-1, -1, -1]], [[-1, 5, -1], [-1, -1, -1], [-1, -1, -1]], [[-1, 5, -1], [-1, -1, -1], [-1, -1, -1]], [[-1, 5, -1], [-1, -1, -1], [-1, -1, -1]], [[-1, -1, -1], [-1, -1, -1], [-1, -1, -1]]]
OLL ID: OLL 21
[[[-1, 5, -1], [5, -1, 5], [-1, 5, -1]], [[5, -1, 5], [-1, -1, -1], [-1, -1, -1]], [[-1, -1, -1], [-1, -1, -1], [-1, -1, -1]], [[5, -1, 5], [-1, -1, -1], [-1, -1, -1]], [[-1, -1, -1], [-1, -1, -1], [-1, -1, -1]], [[-1, -1, -1], [-1, -1, -1], [-1, -1, -1]]]
OLL ID: OLL 22
[[[-1, 5, -1], [5, -1, 5], [-1, 5, -1]], [[5, -1, 5], [-1, -1, -1], [-1, -1, -1]], [[-1, -1, 5], [-1, -1, -1], [-1, -1, -1]], [[-1, -1, -1], [-1, -1, -1], [-1, -1, -1]], [[5, -1, -1], [-1, -1, -1], [-1, -1, -1]], [[-1, -1, -1], [-1, -1, -1], [-1, -1, -1]]]
OLL ID: OLL 23
[[[5, 5, 5], [5, -1, 5], [-1, 5, -1]], [[-1, -1, -1], [-1, -1, -1], [-1, -1, -1]], [[5, -1, 5], [-1, -1, -1], [-1, -1, -1]], [[-1, -1, -1], [-1, -1, -1], [-1, -1, -1]], [[-1, -1, -1], [-1, -1, -1], [-1, -1, -1]], [[-1, -1, -1], [-1, -1, -1], [-1, -1, -1]]]
OLL ID: OLL 24
[[[-1, 5, 5], [5, -1, 5], [-1, 5, 5]], [[-1, -1, -1], [-1, -1, -1], [-1, -1, -1]], [[5, -1, -1], [-1, -1, -1], [-1, -1, -1]], [[-1, -1, -1], [-1, -1, -1], [-1, -1, -1]], [[-1, -1, 5], [-1, -1, -1], [-1, -1, -1]], [[-1, -1, -1], [-1, -1, -1], [-1, -1, -1]]]
OLL ID: OLL 25
[[[5, 5, -1], [5, -1, 5], [-1, 5, 5]], [[-1, -1, -1], [-1, -1, -1], [-1, -1, -1]], [[5, -1, -1], [-1, -1, -1], [-1, -1, -1]], [[-1, -1, 5], [-1, -1, -1], [-1, -1, -1]], [[-1, -1, -1], [-1, -1, -1], [-1, -1, -1]], [[-1, -1, -1], [-1, -1, -1], [-1, -1, -1]]]
OLL ID: OLL 26
[[[5, 5, -1], [5, -1, 5], [-1, 5, -1]], [[-1, -1, -1], [-1, -1, -1], [-1, -1, -1]], [[5, -1, -1], [-1, -1, -1], [-1, -1, -1]], [[5, -1, -1], [-1, -1, -1], [-1, -1, -1]], [[5, -1, -1], [-1, -1, -1], [-1, -1, -1]], [[-1, -1, -1], [-1, -1, -1], [-1, -1, -1]]]
OLL ID: OLL 27
[[[-1, 5, -1], [5, -1, 5], [5, 5, -1]], [[-1, -1, -1], [-1, -1, -1], [-1, -1, -1]], [[-1, -1, 5], [-1, -1, -1], [-1, -1, -1]], [[-1, -1, 5], [-1, -1, -1], [-1, -1, -1]], [[-1, -1, 5], [-1, -1, -1], [-1, -1, -1]], [[-1, -1, -1], [-1, -1, -1], [-1, -1, -1]]]
OLL ID: OLL 28
[[[5, 5, 5], [5, -1, -1], [5, -1, 5]], [[-1, -1, -1], [-1, -1, -1], [-1, -1, -1]], [[-1, 5, -1], [-1, -1, -1], [-1, -1, -1]], [[-1, 5, -1], [-1, -1, -1], [-1, -1, -1]], [[-1, -1, -1], [-1, -1, -1], [-1, -1, -1]], [[-1, -1, -1], [-1, -1, -1], [-1, -1, -1]]]
OLL ID: OLL 29
[[[5, -1, 5], [5, -1, -1], [-1, 5, -1]], [[-1, -1, 5], [-1, -1, -1], [-1, -1, -1]], [[-1, -1, -1], [-1, -1, -1], [-1, -1, -1]], [[5, 5, -1], [-1, -1, -1], [-1, -1, -1]], [[-1, 5, -1], [-1, -1, -1], [-1, -1, -1]], [[-1, -1, -1], [-1, -1, -1], [-1, -1, -1]]]
OLL ID: OLL 30
[[[5, -1, 5], [-1, -1, 5], [-1, 5, -1]], [[-1, 5, 5], [-1, -1, -1], [-1, -1, -1]], [[-1, -1, -1], [-1, -1, -1], [-1, -1, -1]], [[5, -1, -1], [-1, -1, -1], [-1, -1, -1]], [[-1, 5, -1], [-1, -1, -1], [-1, -1, -1]], [[-1, -1, -1], [-1, -1, -1], [-1, -1, -1]]]
OLL ID: OLL 31
[[[-1, 5, 5], [-1, -1, 5], [-1, -1, 5]], [[-1, 5, -1], [-1, -1, -1], [-1, -1, -1]], [[5, 5, -1], [-1, -1, -1], [-1, -1, -1]], [[-1, -1, -1], [-1, -1, -1], [-1, -1, -1]], [[-1, -1, 5], [-1, -1, -1], [-1, -1, -1]], [[-1, -1, -1], [-1, -1, -1], [-1, -1, -1]]]
OLL ID: OLL 32
[[[-1, -1, -1], [-1, -1, -1], [-1, -1, -1]], [[-1, -1, -1], [-1, -1, -1], [-1, -1, -1]], [[-1, -1, -1], [-1, -1, -1], [-1, -1, 5]], [[-1, -1, -1], [-1, -1, -1], [-1, 5, -1]], [[-1, -1, -1], [-1, -1, -1], [5, 5, -1]], [[5, 5, -1], [5, -1, -1], [5, -1, -1]]]
OLL ID: OLL 33
[[[-1, -1, 5], [5, -1, 5], [-1, -1, 5]], [[-1, -1, -1], [-1, -1, -1], [-1, -1, -1]], [[5, 5, -1], [-1, -1, -1], [-1, -1, -1]], [[-1, -1, -1], [-1, -1, -1], [-1, -1, -1]], [[-1, 5, 5], [-1, -1, -1], [-1, -1, -1]], [[-1, -1, -1], [-1, -1, -1], [-1, -1, -1]]]
OLL ID: OLL 34
[[[5, -1, 5], [5, -1, 5], [-1, -1, -1]], [[-1, -1, 5], [-1, -1, -1], [-1, -1, -1]], [[-1, 5, -1], [-1, -1, -1], [-1, -1, -1]], [[5, -1, -1], [-1, -1, -1], [-1, -1, -1]], [[-1, 5, -1], [-1, -1, -1], [-1, -1, -1]], [[-1, -1, -1], [-1, -1, -1], [-1, -1, -1]]]
OLL ID: OLL 35
[[[5, -1, -1], [-1, -1, 5], [-1, 5, 5]], [[-1, 5, -1], [-1, -1, -1], [-1, -1, -1]], [[5, -1, -1], [-1, -1, -1], [-1, -1, -1]], [[-1, -1, 5], [-1, -1, -1], [-1, -1, -1]], [[-1, 5, -1], [-1, -1, -1], [-1, -1, -1]], [[-1, -1, -1], [-1, -1, -1], [-1, -1, -1]]]
OLL ID: OLL 36
[[[5, -1, -1], [5, -1, -1], [-1, 5, 5]], [[-1, -1, -1], [-1, -1, -1], [-1, -1, -1]], [[5, -1, -1], [-1, -1, -1], [-1, -1, -1]], [[-1, 5, 5], [-1, -1, -1], [-1, -1, -1]], [[-1, 5, -1], [-1, -1, -1], [-1, -1, -1]], [[-1, -1, -1], [-1, -1, -1], [-1, -1, -1]]]
OLL ID: OLL 37
[[[5, 5, -1], [5, -1, -1], [-1, -1, 5]], [[-1, -1, -1], [-1, -1, -1], [-1, -1, -1]], [[5, 5, -1], [-1, -1, -1], [-1, -1, -1]], [[-1, 5, 5], [-1, -1, -1], [-1, -1, -1]], [[-1, -1, -1], [-1, -1, -1], [-1, -1, -1]], [[-1, -1, -1], [-1, -1, -1], [-1, -1, -1]]]
OLL ID: OLL 38
[[[-1, 5, 5], [5, -1, -1], [5, -1, -1]], [[-1, -1, -1], [-1, -1, -1], [-1, -1, -1]], [[-1, 5, -1], [-1, -1, -1], [-1, -1, -1]], [[5, 5, -1], [-1, -1, -1], [-1, -1, -1]], [[-1, -1, 5], [-1, -1, -1], [-1, -1, -1]], [[-1, -1, -1], [-1, -1, -1], [-1, -1, -1]]]
OLL ID: OLL 39
[[[-1, -1, -1], [-1, -1, -1], [-1, -1, -1]], [[-1, -1, -1], [-1, -1, -1], [-1, -1, -1]], [[-1, -1, -1], [-1, -1, -1], [-1, -1, -1]], [[-1, -1, -1], [-1, -1, -1], [-1, -1, -1]], [[-1, -1, -1], [-1, -1, -1], [-1, -1, -1]], [[5, 5, 5], [5, -1, 5], [5, 5, 5]]]
OLL ID: OLL 40
[[[-1, 5, 5], [-1, -1, -1], [5, 5, -1]], [[5, 5, -1], [-1, -1, -1], [-1, -1, -1]], [[-1, -1, 5], [-1, -1, -1], [-1, -1, -1]], [[-1, 5, -1], [-1, -1, -1], [-1, -1, -1]], [[-1, -1, -1], [-1, -1, -1], [-1, -1, -1]], [[-1, -1, -1], [-1, -1, -1], [-1, -1, -1]]]
OLL ID: OLL 41
[[[5, -1, 5], [-1, -1, 5], [-1, 5, -1]], [[-1, 5, -1], [-1, -1, -1], [-1, -1, -1]], [[5, -1, 5], [-1, -1, -1], [-1, -1, -1]], [[-1, -1, -1], [-1, -1, -1], [-1, -1, -1]], [[-1, 5, -1], [-1, -1, -1], [-1, -1, -1]], [[-1, -1, -1], [-1, -1, -1], [-1, -1, -1]]]
OLL ID: OLL 42
[[[5, -1, 5], [5, -1, -1], [-1, 5, -1]], [[-1, -1, -1], [-1, -1, -1], [-1, -1, -1]], [[5, -1, 5], [-1, -1, -1], [-1, -1, -1]], [[-1, 5, -1], [-1, -1, -1], [-1, -1, -1]], [[-1, 5, -1], [-1, -1, -1], [-1, -1, -1]], [[-1, -1, -1], [-1, -1, -1], [-1, -1, -1]]]
OLL ID: OLL 43
[[[5, -1, -1], [5, -1, -1], [5, 5, -1]], [[-1, -1, -1], [-1, -1, -1], [-1, -1, -1]], [[-1, -1, -1], [-1, -1, -1], [-1, -1, -1]], [[5, 5, 5], [-1, -1, -1], [-1, -1, -1]], [[-1, 5, -1], [-1, -1, -1], [-1, -1, -1]], [[-1, -1, -1], [-1, -1, -1], [-1, -1, -1]]]
OLL ID: OLL 44
[[[-1, -1, 5], [-1, -1, 5], [-1, 5, 5]], [[5, 5, 5], [-1, -1, -1], [-1, -1, -1]], [[-1, -1, -1], [-1, -1, -1], [-1, -1, -1]], [[-1, -1, -1], [-1, -1, -1], [-1, -1, -1]], [[-1, 5, -1], [-1, -1, -1], [-1, -1, -1]], [[-1, -1, -1], [-1, -1, -1], [-1, -1, -1]]]
OLL ID: OLL 45
[[[-1, -1, 5], [5, -1, 5], [-1, -1, 5]], [[5, -1, 5], [-1, -1, -1], [-1, -1, -1]], [[-1, 5, -1], [-1, -1, -1], [-1, -1, -1]], [[-1, -1, -1], [-1, -1, -1], [-1, -1, -1]], [[-1, 5, -1], [-1, -1, -1], [-1, -1, -1]], [[-1, -1, -1], [-1, -1, -1], [-1, -1, -1]]]
OLL ID: OLL 46
[[[5, 5, -1], [-1, -1, -1], [5, 5, -1]], [[-1, 5, -1], [-1, -1, -1], [-1, -1, -1]], [[-1, -1, -1], [-1, -1, -1], [-1, -1, -1]], [[5, 5, 5], [-1, -1, -1], [-1, -1, -1]], [[-1, -1, -1], [-1, -1, -1], [-1, -1, -1]], [[-1, -1, -1], [-1, -1, -1], [-1, -1, -1]]]
OLL ID: OLL 47
[[[-1, 5, -1], [-1, -1, 5], [-1, -1, -1]], [[-1, 5, -1], [-1, -1, -1], [-1, -1, -1]], [[5, 5, -1], [-1, -1, -1], [-1, -1, -1]], [[5, -1, 5], [-1, -1, -1], [-1, -1, -1]], [[-1, -1, 5], [-1, -1, -1], [-1, -1, -1]], [[-1, -1, -1], [-1, -1, -1], [-1, -1, -1]]]
OLL ID: OLL 48
[[[-1, 5, -1], [5, -1, -1], [-1, -1, -1]], [[5, -1, 5], [-1, -1, -1], [-1, -1, -1]], [[-1, 5, 5], [-1, -1, -1], [-1, -1, -1]], [[-1, 5, -1], [-1, -1, -1], [-1, -1, -1]], [[5, -1, -1], [-1, -1, -1], [-1, -1, -1]], [[-1, -1, -1], [-1, -1, -1], [-1, -1, -1]]]
OLL ID: OLL 49
[[[-1, -1, -1], [5, -1, -1], [-1, 5, -1]], [[-1, -1, -1], [-1, -1, -1], [-1, -1, -1]], [[5, -1, -1], [-1, -1, -1], [-1, -1, -1]], [[5, 5, 5], [-1, -1, -1], [-1, -1, -1]], [[-1, 5, 5], [-1, -1, -1], [-1, -1, -1]], [[-1, -1, -1], [-1, -1, -1], [-1, -1, -1]]]
OLL ID: OLL 50
[[[-1, -1, -1], [-1, -1, 5], [-1, 5, -1]], [[5, 5, 5], [-1, -1, -1], [-1, -1, -1]], [[-1, -1, 5], [-1, -1, -1], [-1, -1, -1]], [[-1, -1, -1], [-1, -1, -1], [-1, -1, -1]], [[5, 5, -1], [-1, -1, -1], [-1, -1, -1]], [[-1, -1, -1], [-1, -1, -1], [-1, -1, -1]]]
OLL ID: OLL 51
[[[-1, -1, -1], [5, -1, 5], [-1, -1, -1]], [[5, -1, 5], [-1, -1, -1], [-1, -1, -1]], [[-1, 5, 5], [-1, -1, -1], [-1, -1, -1]], [[-1, -1, -1], [-1, -1, -1], [-1, -1, -1]], [[5, 5, -1], [-1, -1, -1], [-1, -1, -1]], [[-1, -1, -1], [-1, -1, -1], [-1, -1, -1]]]
OLL ID: OLL 52
[[[-1, 5, -1], [-1, -1, -1], [-1, 5, -1]], [[-1, 5, -1], [-1, -1, -1], [-1, -1, -1]], [[5, -1, -1], [-1, -1, -1], [-1, -1, -1]], [[5, 5, 5], [-1, -1, -1], [-1, -1, -1]], [[-1, -1, 5], [-1, -1, -1], [-1, -1, -1]], [[-1, -1, -1], [-1, -1, -1], [-1, -1, -1]]]
OLL ID: OLL 53
[[[-1, -1, -1], [-1, -1, 5], [-1, 5, -1]], [[5, 5, 5], [-1, -1, -1], [-1, -1, -1]], [[-1, -1, -1], [-1, -1, -1], [-1, -1, -1]], [[5, -1, 5], [-1, -1, -1], [-1, -1, -1]], [[-1, 5, -1], [-1, -1, -1], [-1, -1, -1]], [[-1, -1, -1], [-1, -1, -1], [-1, -1, -1]]]
OLL ID: OLL 54
[[[-1, 5, -1], [-1, -1, 5], [-1, -1, -1]], [[5, 5, 5], [-1, -1, -1], [-1, -1, -1]], [[-1, 5, -1], [-1, -1, -1], [-1, -1, -1]], [[5, -1, 5], [-1, -1, -1], [-1, -1, -1]], [[-1, -1, -1], [-1, -1, -1], [-1, -1, -1]], [[-1, -1, -1], [-1, -1, -1], [-1, -1, -1]]]
OLL ID: OLL 55
[[[-1, 5, -1], [-1, -1, -1], [-1, 5, -1]], [[5, 5, 5], [-1, -1, -1], [-1, -1, -1]], [[-1, -1, -1], [-1, -1, -1], [-1, -1, -1]], [[5, 5, 5], [-1, -1, -1], [-1, -1, -1]], [[-1, -1, -1], [-1, -1, -1], [-1, -1, -1]], [[-1, -1, -1], [-1, -1, -1], [-1, -1, -1]]]
OLL ID: OLL 56
[[[-1, -1, -1], [5, -1, 5], [-1, -1, -1]], [[5, -1, 5], [-1, -1, -1], [-1, -1, -1]], [[-1, 5, -1], [-1, -1, -1], [-1, -1, -1]], [[5, -1, 5], [-1, -1, -1], [-1, -1, -1]], [[-1, 5, -1], [-1, -1, -1], [-1, -1, -1]], [[-1, -1, -1], [-1, -1, -1], [-1, -1, -1]]]
OLL ID: OLL 57
[[[5, -1, 5], [5, -1, 5], [5, -1, 5]], [[-1, -1, -1], [-1, -1, -1], [-1, -1, -1]], [[-1, 5, -1], [-1, -1, -1], [-1, -1, -1]], [[-1, -1, -1], [-1, -1, -1], [-1, -1, -1]], [[-1, 5, -1], [-1, -1, -1], [-1, -1, -1]], [[-1, -1, -1], [-1, -1, -1], [-1, -1, -1]]]
