pLL ID: Aa
[[[5, 5, 5], [5, -1, 5], [5, 5, 5]], [[4, 3, 3], [-1, -1, -1], [-1, -1, -1]], [[2, 2, 4], [-1, -1, -1], [-1, -1, -1]], [[3, 1, 2], [-1, -1, -1], [-1, -1, -1]], [[1, 4, 1], [-1, -1, -1], [-1, -1, -1]], [[-1, -1, -1], [-1, -1, -1], [-1, -1, -1]]]
[[[5, 5, 5], [5, -1, 5], [5, 5, 5]], [[3, 2, 2], [-1, -1, -1], [-1, -1, -1]], [[1, 1, 3], [-1, -1, -1], [-1, -1, -1]], [[2, 4, 1], [-1, -1, -1], [-1, -1, -1]], [[4, 3, 4], [-1, -1, -1], [-1, -1, -1]], [[-1, -1, -1], [-1, -1, -1], [-1, -1, -1]]]
[[[5, 5, 5], [5, -1, 5], [5, 5, 5]], [[2, 1, 1], [-1, -1, -1], [-1, -1, -1]], [[4, 4, 2], [-1, -1, -1], [-1, -1, -1]], [[1, 3, 4], [-1, -1, -1], [-1, -1, -1]], [[3, 2, 3], [-1, -1, -1], [-1, -1, -1]], [[-1, -1, -1], [-1, -1, -1], [-1, -1, -1]]]
[[[5, 5, 5], [5, -1, 5], [5, 5, 5]], [[1, 4, 4], [-1, -1, -1], [-1, -1, -1]], [[3, 3, 1], [-1, -1, -1], [-1, -1, -1]], [[4, 2, 3], [-1, -1, -1], [-1, -1, -1]], [[2, 1, 2], [-1, -1, -1], [-1, -1, -1]], [[-1, -1, -1], [-1, -1, -1], [-1, -1, -1]]]
pLL ID: Ab
[[[5, 5, 5], [5, -1, 5], [5, 5, 5]], [[1, 3, 3], [-1, -1, -1], [-1, -1, -1]], [[2, 2, 1], [-1, -1, -1], [-1, -1, -1]], [[4, 1, 4], [-1, -1, -1], [-1, -1, -1]], [[3, 4, 2], [-1, -1, -1], [-1, -1, -1]], [[-1, -1, -1], [-1, -1, -1], [-1, -1, -1]]]
[[[5, 5, 5], [5, -1, 5], [5, 5, 5]], [[4, 2, 2], [-1, -1, -1], [-1, -1, -1]], [[1, 1, 4], [-1, -1, -1], [-1, -1, -1]], [[3, 4, 3], [-1, -1, -1], [-1, -1, -1]], [[2, 3, 1], [-1, -1, -1], [-1, -1, -1]], [[-1, -1, -1], [-1, -1, -1], [-1, -1, -1]]]
[[[5, 5, 5], [5, -1, 5], [5, 5, 5]], [[3, 1, 1], [-1, -1, -1], [-1, -1, -1]], [[4, 4, 3], [-1, -1, -1], [-1, -1, -1]], [[2, 3, 2], [-1, -1, -1], [-1, -1, -1]], [[1, 2, 4], [-1, -1, -1], [-1, -1, -1]], [[-1, -1, -1], [-1, -1, -1], [-1, -1, -1]]]
[[[5, 5, 5], [5, -1, 5], [5, 5, 5]], [[2, 4, 4], [-1, -1, -1], [-1, -1, -1]], [[3, 3, 2], [-1, -1, -1], [-1, -1, -1]], [[1, 2, 1], [-1, -1, -1], [-1, -1, -1]], [[4, 1, 3], [-1, -1, -1], [-1, -1, -1]], [[-1, -1, -1], [-1, -1, -1], [-1, -1, -1]]]
pLL ID: E
[[[5, 5, 5], [5, -1, 5], [5, 5, 5]], [[1, 4, 3], [-1, -1, -1], [-1, -1, -1]], [[2, 3, 4], [-1, -1, -1], [-1, -1, -1]], [[3, 2, 1], [-1, -1, -1], [-1, -1, -1]], [[4, 1, 2], [-1, -1, -1], [-1, -1, -1]], [[-1, -1, -1], [-1, -1, -1], [-1, -1, -1]]]
[[[5, 5, 5], [5, -1, 5], [5, 5, 5]], [[4, 3, 2], [-1, -1, -1], [-1, -1, -1]], [[1, 2, 3], [-1, -1, -1], [-1, -1, -1]], [[2, 1, 4], [-1, -1, -1], [-1, -1, -1]], [[3, 4, 1], [-1, -1, -1], [-1, -1, -1]], [[-1, -1, -1], [-1, -1, -1], [-1, -1, -1]]]
[[[5, 5, 5], [5, -1, 5], [5, 5, 5]], [[3, 2, 1], [-1, -1, -1], [-1, -1, -1]], [[4, 1, 2], [-1, -1, -1], [-1, -1, -1]], [[1, 4, 3], [-1, -1, -1], [-1, -1, -1]], [[2, 3, 4], [-1, -1, -1], [-1, -1, -1]], [[-1, -1, -1], [-1, -1, -1], [-1, -1, -1]]]
[[[5, 5, 5], [5, -1, 5], [5, 5, 5]], [[2, 1, 4], [-1, -1, -1], [-1, -1, -1]], [[3, 4, 1], [-1, -1, -1], [-1, -1, -1]], [[4, 3, 2], [-1, -1, -1], [-1, -1, -1]], [[1, 2, 3], [-1, -1, -1], [-1, -1, -1]], [[-1, -1, -1], [-1, -1, -1], [-1, -1, -1]]]
pLL ID: F
[[[5, 5, 5], [5, -1, 5], [5, 5, 5]], [[1, 2, 4], [-1, -1, -1], [-1, -1, -1]], [[3, 3, 3], [-1, -1, -1], [-1, -1, -1]], [[2, 4, 1], [-1, -1, -1], [-1, -1, -1]], [[4, 1, 2], [-1, -1, -1], [-1, -1, -1]], [[-1, -1, -1], [-1, -1, -1], [-1, -1, -1]]]
[[[5, 5, 5], [5, -1, 5], [5, 5, 5]], [[4, 1, 3], [-1, -1, -1], [-1, -1, -1]], [[2, 2, 2], [-1, -1, -1], [-1, -1, -1]], [[1, 3, 4], [-1, -1, -1], [-1, -1, -1]], [[3, 4, 1], [-1, -1, -1], [-1, -1, -1]], [[-1, -1, -1], [-1, -1, -1], [-1, -1, -1]]]
[[[5, 5, 5], [5, -1, 5], [5, 5, 5]], [[3, 4, 2], [-1, -1, -1], [-1, -1, -1]], [[1, 1, 1], [-1, -1, -1], [-1, -1, -1]], [[4, 2, 3], [-1, -1, -1], [-1, -1, -1]], [[2, 3, 4], [-1, -1, -1], [-1, -1, -1]], [[-1, -1, -1], [-1, -1, -1], [-1, -1, -1]]]
[[[5, 5, 5], [5, -1, 5], [5, 5, 5]], [[2, 3, 1], [-1, -1, -1], [-1, -1, -1]], [[4, 4, 4], [-1, -1, -1], [-1, -1, -1]], [[3, 1, 2], [-1, -1, -1], [-1, -1, -1]], [[1, 2, 3], [-1, -1, -1], [-1, -1, -1]], [[-1, -1, -1], [-1, -1, -1], [-1, -1, -1]]]
pLL ID: Ga
[[[5, 5, 5], [5, -1, 5], [5, 5, 5]], [[3, 4, 3], [-1, -1, -1], [-1, -1, -1]], [[2, 1, 1], [-1, -1, -1], [-1, -1, -1]], [[4, 3, 2], [-1, -1, -1], [-1, -1, -1]], [[1, 2, 4], [-1, -1, -1], [-1, -1, -1]], [[-1, -1, -1], [-1, -1, -1], [-1, -1, -1]]]
[[[5, 5, 5], [5, -1, 5], [5, 5, 5]], [[2, 3, 2], [-1, -1, -1], [-1, -1, -1]], [[1, 4, 4], [-1, -1, -1], [-1, -1, -1]], [[3, 2, 1], [-1, -1, -1], [-1, -1, -1]], [[4, 1, 3], [-1, -1, -1], [-1, -1, -1]], [[-1, -1, -1], [-1, -1, -1], [-1, -1, -1]]]
[[[5, 5, 5], [5, -1, 5], [5, 5, 5]], [[1, 2, 1], [-1, -1, -1], [-1, -1, -1]], [[4, 3, 3], [-1, -1, -1], [-1, -1, -1]], [[2, 1, 4], [-1, -1, -1], [-1, -1, -1]], [[3, 4, 2], [-1, -1, -1], [-1, -1, -1]], [[-1, -1, -1], [-1, -1, -1], [-1, -1, -1]]]
[[[5, 5, 5], [5, -1, 5], [5, 5, 5]], [[4, 1, 4], [-1, -1, -1], [-1, -1, -1]], [[3, 2, 2], [-1, -1, -1], [-1, -1, -1]], [[1, 4, 3], [-1, -1, -1], [-1, -1, -1]], [[2, 3, 1], [-1, -1, -1], [-1, -1, -1]], [[-1, -1, -1], [-1, -1, -1], [-1, -1, -1]]]
pLL ID: Gb
[[[5, 5, 5], [5, -1, 5], [5, 5, 5]], [[3, 1, 3], [-1, -1, -1], [-1, -1, -1]], [[2, 4, 1], [-1, -1, -1], [-1, -1, -1]], [[4, 2, 2], [-1, -1, -1], [-1, -1, -1]], [[1, 3, 4], [-1, -1, -1], [-1, -1, -1]], [[-1, -1, -1], [-1, -1, -1], [-1, -1, -1]]]
[[[5, 5, 5], [5, -1, 5], [5, 5, 5]], [[2, 4, 2], [-1, -1, -1], [-1, -1, -1]], [[1, 3, 4], [-1, -1, -1], [-1, -1, -1]], [[3, 1, 1], [-1, -1, -1], [-1, -1, -1]], [[4, 2, 3], [-1, -1, -1], [-1, -1, -1]], [[-1, -1, -1], [-1, -1, -1], [-1, -1, -1]]]
[[[5, 5, 5], [5, -1, 5], [5, 5, 5]], [[1, 3, 1], [-1, -1, -1], [-1, -1, -1]], [[4, 2, 3], [-1, -1, -1], [-1, -1, -1]], [[2, 4, 4], [-1, -1, -1], [-1, -1, -1]], [[3, 1, 2], [-1, -1, -1], [-1, -1, -1]], [[-1, -1, -1], [-1, -1, -1], [-1, -1, -1]]]
[[[5, 5, 5], [5, -1, 5], [5, 5, 5]], [[4, 2, 4], [-1, -1, -1], [-1, -1, -1]], [[3, 1, 2], [-1, -1, -1], [-1, -1, -1]], [[1, 3, 3], [-1, -1, -1], [-1, -1, -1]], [[2, 4, 1], [-1, -1, -1], [-1, -1, -1]], [[-1, -1, -1], [-1, -1, -1], [-1, -1, -1]]]
pLL ID: Gc
[[[5, 5, 5], [5, -1, 5], [5, 5, 5]], [[3, 2, 3], [-1, -1, -1], [-1, -1, -1]], [[2, 4, 1], [-1, -1, -1], [-1, -1, -1]], [[4, 3, 2], [-1, -1, -1], [-1, -1, -1]], [[1, 1, 4], [-1, -1, -1], [-1, -1, -1]], [[-1, -1, -1], [-1, -1, -1], [-1, -1, -1]]]
[[[5, 5, 5], [5, -1, 5], [5, 5, 5]], [[2, 1, 2], [-1, -1, -1], [-1, -1, -1]], [[1, 3, 4], [-1, -1, -1], [-1, -1, -1]], [[3, 2, 1], [-1, -1, -1], [-1, -1, -1]], [[4, 4, 3], [-1, -1, -1], [-1, -1, -1]], [[-1, -1, -1], [-1, -1, -1], [-1, -1, -1]]]
[[[5, 5, 5], [5, -1, 5], [5, 5, 5]], [[1, 4, 1], [-1, -1, -1], [-1, -1, -1]], [[4, 2, 3], [-1, -1, -1], [-1, -1, -1]], [[2, 1, 4], [-1, -1, -1], [-1, -1, -1]], [[3, 3, 2], [-1, -1, -1], [-1, -1, -1]], [[-1, -1, -1], [-1, -1, -1], [-1, -1, -1]]]
[[[5, 5, 5], [5, -1, 5], [5, 5, 5]], [[4, 3, 4], [-1, -1, -1], [-1, -1, -1]], [[3, 1, 2], [-1, -1, -1], [-1, -1, -1]], [[1, 4, 3], [-1, -1, -1], [-1, -1, -1]], [[2, 2, 1], [-1, -1, -1], [-1, -1, -1]], [[-1, -1, -1], [-1, -1, -1], [-1, -1, -1]]]
pLL ID: Gd
[[[5, 5, 5], [5, -1, 5], [5, 5, 5]], [[3, 1, 3], [-1, -1, -1], [-1, -1, -1]], [[2, 3, 1], [-1, -1, -1], [-1, -1, -1]], [[4, 4, 2], [-1, -1, -1], [-1, -1, -1]], [[1, 2, 4], [-1, -1, -1], [-1, -1, -1]], [[-1, -1, -1], [-1, -1, -1], [-1, -1, -1]]]
[[[5, 5, 5], [5, -1, 5], [5, 5, 5]], [[2, 4, 2], [-1, -1, -1], [-1, -1, -1]], [[1, 2, 4], [-1, -1, -1], [-1, -1, -1]], [[3, 3, 1], [-1, -1, -1], [-1, -1, -1]], [[4, 1, 3], [-1, -1, -1], [-1, -1, -1]], [[-1, -1, -1], [-1, -1, -1], [-1, -1, -1]]]
[[[5, 5, 5], [5, -1, 5], [5, 5, 5]], [[1, 3, 1], [-1, -1, -1], [-1, -1, -1]], [[4, 1, 3], [-1, -1, -1], [-1, -1, -1]], [[2, 2, 4], [-1, -1, -1], [-1, -1, -1]], [[3, 4, 2], [-1, -1, -1], [-1, -1, -1]], [[-1, -1, -1], [-1, -1, -1], [-1, -1, -1]]]
[[[5, 5, 5], [5, -1, 5], [5, 5, 5]], [[4, 2, 4], [-1, -1, -1], [-1, -1, -1]], [[3, 4, 2], [-1, -1, -1], [-1, -1, -1]], [[1, 1, 3], [-1, -1, -1], [-1, -1, -1]], [[2, 3, 1], [-1, -1, -1], [-1, -1, -1]], [[-1, -1, -1], [-1, -1, -1], [-1, -1, -1]]]
pLL ID: H
[[[5, 5, 5], [5, -1, 5], [5, 5, 5]], [[3, 1, 3], [-1, -1, -1], [-1, -1, -1]], [[2, 4, 2], [-1, -1, -1], [-1, -1, -1]], [[1, 3, 1], [-1, -1, -1], [-1, -1, -1]], [[4, 2, 4], [-1, -1, -1], [-1, -1, -1]], [[-1, -1, -1], [-1, -1, -1], [-1, -1, -1]]]
[[[5, 5, 5], [5, -1, 5], [5, 5, 5]], [[2, 4, 2], [-1, -1, -1], [-1, -1, -1]], [[1, 3, 1], [-1, -1, -1], [-1, -1, -1]], [[4, 2, 4], [-1, -1, -1], [-1, -1, -1]], [[3, 1, 3], [-1, -1, -1], [-1, -1, -1]], [[-1, -1, -1], [-1, -1, -1], [-1, -1, -1]]]
[[[5, 5, 5], [5, -1, 5], [5, 5, 5]], [[1, 3, 1], [-1, -1, -1], [-1, -1, -1]], [[4, 2, 4], [-1, -1, -1], [-1, -1, -1]], [[3, 1, 3], [-1, -1, -1], [-1, -1, -1]], [[2, 4, 2], [-1, -1, -1], [-1, -1, -1]], [[-1, -1, -1], [-1, -1, -1], [-1, -1, -1]]]
[[[5, 5, 5], [5, -1, 5], [5, 5, 5]], [[4, 2, 4], [-1, -1, -1], [-1, -1, -1]], [[3, 1, 3], [-1, -1, -1], [-1, -1, -1]], [[2, 4, 2], [-1, -1, -1], [-1, -1, -1]], [[1, 3, 1], [-1, -1, -1], [-1, -1, -1]], [[-1, -1, -1], [-1, -1, -1], [-1, -1, -1]]]
pLL ID: Ja
[[[5, 5, 5], [5, -1, 5], [5, 5, 5]], [[4, 4, 2], [-1, -1, -1], [-1, -1, -1]], [[1, 1, 4], [-1, -1, -1], [-1, -1, -1]], [[3, 3, 3], [-1, -1, -1], [-1, -1, -1]], [[2, 2, 1], [-1, -1, -1], [-1, -1, -1]], [[-1, -1, -1], [-1, -1, -1], [-1, -1, -1]]]
[[[5, 5, 5], [5, -1, 5], [5, 5, 5]], [[3, 3, 1], [-1, -1, -1], [-1, -1, -1]], [[4, 4, 3], [-1, -1, -1], [-1, -1, -1]], [[2, 2, 2], [-1, -1, -1], [-1, -1, -1]], [[1, 1, 4], [-1, -1, -1], [-1, -1, -1]], [[-1, -1, -1], [-1, -1, -1], [-1, -1, -1]]]
[[[5, 5, 5], [5, -1, 5], [5, 5, 5]], [[2, 2, 4], [-1, -1, -1], [-1, -1, -1]], [[3, 3, 2], [-1, -1, -1], [-1, -1, -1]], [[1, 1, 1], [-1, -1, -1], [-1, -1, -1]], [[4, 4, 3], [-1, -1, -1], [-1, -1, -1]], [[-1, -1, -1], [-1, -1, -1], [-1, -1, -1]]]
[[[5, 5, 5], [5, -1, 5], [5, 5, 5]], [[1, 1, 3], [-1, -1, -1], [-1, -1, -1]], [[2, 2, 1], [-1, -1, -1], [-1, -1, -1]], [[4, 4, 4], [-1, -1, -1], [-1, -1, -1]], [[3, 3, 2], [-1, -1, -1], [-1, -1, -1]], [[-1, -1, -1], [-1, -1, -1], [-1, -1, -1]]]
pLL ID: Jb
[[[5, 5, 5], [5, -1, 5], [5, 5, 5]], [[4, 4, 4], [-1, -1, -1], [-1, -1, -1]], [[3, 2, 2], [-1, -1, -1], [-1, -1, -1]], [[1, 3, 3], [-1, -1, -1], [-1, -1, -1]], [[2, 1, 1], [-1, -1, -1], [-1, -1, -1]], [[-1, -1, -1], [-1, -1, -1], [-1, -1, -1]]]
[[[5, 5, 5], [5, -1, 5], [5, 5, 5]], [[3, 3, 3], [-1, -1, -1], [-1, -1, -1]], [[2, 1, 1], [-1, -1, -1], [-1, -1, -1]], [[4, 2, 2], [-1, -1, -1], [-1, -1, -1]], [[1, 4, 4], [-1, -1, -1], [-1, -1, -1]], [[-1, -1, -1], [-1, -1, -1], [-1, -1, -1]]]
[[[5, 5, 5], [5, -1, 5], [5, 5, 5]], [[2, 2, 2], [-1, -1, -1], [-1, -1, -1]], [[1, 4, 4], [-1, -1, -1], [-1, -1, -1]], [[3, 1, 1], [-1, -1, -1], [-1, -1, -1]], [[4, 3, 3], [-1, -1, -1], [-1, -1, -1]], [[-1, -1, -1], [-1, -1, -1], [-1, -1, -1]]]
[[[5, 5, 5], [5, -1, 5], [5, 5, 5]], [[1, 1, 1], [-1, -1, -1], [-1, -1, -1]], [[4, 3, 3], [-1, -1, -1], [-1, -1, -1]], [[2, 4, 4], [-1, -1, -1], [-1, -1, -1]], [[3, 2, 2], [-1, -1, -1], [-1, -1, -1]], [[-1, -1, -1], [-1, -1, -1], [-1, -1, -1]]]
pLL ID: Na
[[[5, 5, 5], [5, -1, 5], [5, 5, 5]], [[3, 1, 1], [-1, -1, -1], [-1, -1, -1]], [[4, 2, 2], [-1, -1, -1], [-1, -1, -1]], [[1, 3, 3], [-1, -1, -1], [-1, -1, -1]], [[2, 4, 4], [-1, -1, -1], [-1, -1, -1]], [[-1, -1, -1], [-1, -1, -1], [-1, -1, -1]]]
[[[5, 5, 5], [5, -1, 5], [5, 5, 5]], [[2, 4, 4], [-1, -1, -1], [-1, -1, -1]], [[3, 1, 1], [-1, -1, -1], [-1, -1, -1]], [[4, 2, 2], [-1, -1, -1], [-1, -1, -1]], [[1, 3, 3], [-1, -1, -1], [-1, -1, -1]], [[-1, -1, -1], [-1, -1, -1], [-1, -1, -1]]]
[[[5, 5, 5], [5, -1, 5], [5, 5, 5]], [[1, 3, 3], [-1, -1, -1], [-1, -1, -1]], [[2, 4, 4], [-1, -1, -1], [-1, -1, -1]], [[3, 1, 1], [-1, -1, -1], [-1, -1, -1]], [[4, 2, 2], [-1, -1, -1], [-1, -1, -1]], [[-1, -1, -1], [-1, -1, -1], [-1, -1, -1]]]
[[[5, 5, 5], [5, -1, 5], [5, 5, 5]], [[4, 2, 2], [-1, -1, -1], [-1, -1, -1]], [[1, 3, 3], [-1, -1, -1], [-1, -1, -1]], [[2, 4, 4], [-1, -1, -1], [-1, -1, -1]], [[3, 1, 1], [-1, -1, -1], [-1, -1, -1]], [[-1, -1, -1], [-1, -1, -1], [-1, -1, -1]]]
pLL ID: Nb
[[[5, 5, 5], [5, -1, 5], [5, 5, 5]], [[1, 1, 3], [-1, -1, -1], [-1, -1, -1]], [[2, 2, 4], [-1, -1, -1], [-1, -1, -1]], [[3, 3, 1], [-1, -1, -1], [-1, -1, -1]], [[4, 4, 2], [-1, -1, -1], [-1, -1, -1]], [[-1, -1, -1], [-1, -1, -1], [-1, -1, -1]]]
[[[5, 5, 5], [5, -1, 5], [5, 5, 5]], [[4, 4, 2], [-1, -1, -1], [-1, -1, -1]], [[1, 1, 3], [-1, -1, -1], [-1, -1, -1]], [[2, 2, 4], [-1, -1, -1], [-1, -1, -1]], [[3, 3, 1], [-1, -1, -1], [-1, -1, -1]], [[-1, -1, -1], [-1, -1, -1], [-1, -1, -1]]]
[[[5, 5, 5], [5, -1, 5], [5, 5, 5]], [[3, 3, 1], [-1, -1, -1], [-1, -1, -1]], [[4, 4, 2], [-1, -1, -1], [-1, -1, -1]], [[1, 1, 3], [-1, -1, -1], [-1, -1, -1]], [[2, 2, 4], [-1, -1, -1], [-1, -1, -1]], [[-1, -1, -1], [-1, -1, -1], [-1, -1, -1]]]
[[[5, 5, 5], [5, -1, 5], [5, 5, 5]], [[2, 2, 4], [-1, -1, -1], [-1, -1, -1]], [[3, 3, 1], [-1, -1, -1], [-1, -1, -1]], [[4, 4, 2], [-1, -1, -1], [-1, -1, -1]], [[1, 1, 3], [-1, -1, -1], [-1, -1, -1]], [[-1, -1, -1], [-1, -1, -1], [-1, -1, -1]]]
pLL ID: Ra
[[[5, 5, 5], [5, -1, 5], [5, 5, 5]], [[2, 4, 1], [-1, -1, -1], [-1, -1, -1]], [[4, 1, 4], [-1, -1, -1], [-1, -1, -1]], [[3, 3, 2], [-1, -1, -1], [-1, -1, -1]], [[1, 2, 3], [-1, -1, -1], [-1, -1, -1]], [[-1, -1, -1], [-1, -1, -1], [-1, -1, -1]]]
[[[5, 5, 5], [5, -1, 5], [5, 5, 5]], [[1, 3, 4], [-1, -1, -1], [-1, -1, -1]], [[3, 4, 3], [-1, -1, -1], [-1, -1, -1]], [[2, 2, 1], [-1, -1, -1], [-1, -1, -1]], [[4, 1, 2], [-1, -1, -1], [-1, -1, -1]], [[-1, -1, -1], [-1, -1, -1], [-1, -1, -1]]]
[[[5, 5, 5], [5, -1, 5], [5, 5, 5]], [[4, 2, 3], [-1, -1, -1], [-1, -1, -1]], [[2, 3, 2], [-1, -1, -1], [-1, -1, -1]], [[1, 1, 4], [-1, -1, -1], [-1, -1, -1]], [[3, 4, 1], [-1, -1, -1], [-1, -1, -1]], [[-1, -1, -1], [-1, -1, -1], [-1, -1, -1]]]
[[[5, 5, 5], [5, -1, 5], [5, 5, 5]], [[3, 1, 2], [-1, -1, -1], [-1, -1, -1]], [[1, 2, 1], [-1, -1, -1], [-1, -1, -1]], [[4, 4, 3], [-1, -1, -1], [-1, -1, -1]], [[2, 3, 4], [-1, -1, -1], [-1, -1, -1]], [[-1, -1, -1], [-1, -1, -1], [-1, -1, -1]]]
pLL ID: Rb
[[[5, 5, 5], [5, -1, 5], [5, 5, 5]], [[1, 4, 4], [-1, -1, -1], [-1, -1, -1]], [[3, 2, 3], [-1, -1, -1], [-1, -1, -1]], [[2, 3, 1], [-1, -1, -1], [-1, -1, -1]], [[4, 1, 2], [-1, -1, -1], [-1, -1, -1]], [[-1, -1, -1], [-1, -1, -1], [-1, -1, -1]]]
[[[5, 5, 5], [5, -1, 5], [5, 5, 5]], [[4, 3, 3], [-1, -1, -1], [-1, -1, -1]], [[2, 1, 2], [-1, -1, -1], [-1, -1, -1]], [[1, 2, 4], [-1, -1, -1], [-1, -1, -1]], [[3, 4, 1], [-1, -1, -1], [-1, -1, -1]], [[-1, -1, -1], [-1, -1, -1], [-1, -1, -1]]]
[[[5, 5, 5], [5, -1, 5], [5, 5, 5]], [[3, 2, 2], [-1, -1, -1], [-1, -1, -1]], [[1, 4, 1], [-1, -1, -1], [-1, -1, -1]], [[4, 1, 3], [-1, -1, -1], [-1, -1, -1]], [[2, 3, 4], [-1, -1, -1], [-1, -1, -1]], [[-1, -1, -1], [-1, -1, -1], [-1, -1, -1]]]
[[[5, 5, 5], [5, -1, 5], [5, 5, 5]], [[2, 1, 1], [-1, -1, -1], [-1, -1, -1]], [[4, 3, 4], [-1, -1, -1], [-1, -1, -1]], [[3, 4, 2], [-1, -1, -1], [-1, -1, -1]], [[1, 2, 3], [-1, -1, -1], [-1, -1, -1]], [[-1, -1, -1], [-1, -1, -1], [-1, -1, -1]]]
pLL ID: T
[[[5, 5, 5], [5, -1, 5], [5, 5, 5]], [[3, 1, 3], [-1, -1, -1], [-1, -1, -1]], [[2, 2, 1], [-1, -1, -1], [-1, -1, -1]], [[4, 3, 2], [-1, -1, -1], [-1, -1, -1]], [[1, 4, 4], [-1, -1, -1], [-1, -1, -1]], [[-1, -1, -1], [-1, -1, -1], [-1, -1, -1]]]
[[[5, 5, 5], [5, -1, 5], [5, 5, 5]], [[2, 4, 2], [-1, -1, -1], [-1, -1, -1]], [[1, 1, 4], [-1, -1, -1], [-1, -1, -1]], [[3, 2, 1], [-1, -1, -1], [-1, -1, -1]], [[4, 3, 3], [-1, -1, -1], [-1, -1, -1]], [[-1, -1, -1], [-1, -1, -1], [-1, -1, -1]]]
[[[5, 5, 5], [5, -1, 5], [5, 5, 5]], [[1, 3, 1], [-1, -1, -1], [-1, -1, -1]], [[4, 4, 3], [-1, -1, -1], [-1, -1, -1]], [[2, 1, 4], [-1, -1, -1], [-1, -1, -1]], [[3, 2, 2], [-1, -1, -1], [-1, -1, -1]], [[-1, -1, -1], [-1, -1, -1], [-1, -1, -1]]]
[[[5, 5, 5], [5, -1, 5], [5, 5, 5]], [[4, 2, 4], [-1, -1, -1], [-1, -1, -1]], [[3, 3, 2], [-1, -1, -1], [-1, -1, -1]], [[1, 4, 3], [-1, -1, -1], [-1, -1, -1]], [[2, 1, 1], [-1, -1, -1], [-1, -1, -1]], [[-1, -1, -1], [-1, -1, -1], [-1, -1, -1]]]
pLL ID: Ua
[[[5, 5, 5], [5, -1, 5], [5, 5, 5]], [[1, 3, 1], [-1, -1, -1], [-1, -1, -1]], [[4, 4, 4], [-1, -1, -1], [-1, -1, -1]], [[3, 2, 3], [-1, -1, -1], [-1, -1, -1]], [[2, 1, 2], [-1, -1, -1], [-1, -1, -1]], [[-1, -1, -1], [-1, -1, -1], [-1, -1, -1]]]
[[[5, 5, 5], [5, -1, 5], [5, 5, 5]], [[4, 2, 4], [-1, -1, -1], [-1, -1, -1]], [[3, 3, 3], [-1, -1, -1], [-1, -1, -1]], [[2, 1, 2], [-1, -1, -1], [-1, -1, -1]], [[1, 4, 1], [-1, -1, -1], [-1, -1, -1]], [[-1, -1, -1], [-1, -1, -1], [-1, -1, -1]]]
[[[5, 5, 5], [5, -1, 5], [5, 5, 5]], [[3, 1, 3], [-1, -1, -1], [-1, -1, -1]], [[2, 2, 2], [-1, -1, -1], [-1, -1, -1]], [[1, 4, 1], [-1, -1, -1], [-1, -1, -1]], [[4, 3, 4], [-1, -1, -1], [-1, -1, -1]], [[-1, -1, -1], [-1, -1, -1], [-1, -1, -1]]]
[[[5, 5, 5], [5, -1, 5], [5, 5, 5]], [[2, 4, 2], [-1, -1, -1], [-1, -1, -1]], [[1, 1, 1], [-1, -1, -1], [-1, -1, -1]], [[4, 3, 4], [-1, -1, -1], [-1, -1, -1]], [[3, 2, 3], [-1, -1, -1], [-1, -1, -1]], [[-1, -1, -1], [-1, -1, -1], [-1, -1, -1]]]
pLL ID: Ub
[[[5, 5, 5], [5, -1, 5], [5, 5, 5]], [[1, 2, 1], [-1, -1, -1], [-1, -1, -1]], [[4, 4, 4], [-1, -1, -1], [-1, -1, -1]], [[3, 1, 3], [-1, -1, -1], [-1, -1, -1]], [[2, 3, 2], [-1, -1, -1], [-1, -1, -1]], [[-1, -1, -1], [-1, -1, -1], [-1, -1, -1]]]
[[[5, 5, 5], [5, -1, 5], [5, 5, 5]], [[4, 1, 4], [-1, -1, -1], [-1, -1, -1]], [[3, 3, 3], [-1, -1, -1], [-1, -1, -1]], [[2, 4, 2], [-1, -1, -1], [-1, -1, -1]], [[1, 2, 1], [-1, -1, -1], [-1, -1, -1]], [[-1, -1, -1], [-1, -1, -1], [-1, -1, -1]]]
[[[5, 5, 5], [5, -1, 5], [5, 5, 5]], [[3, 4, 3], [-1, -1, -1], [-1, -1, -1]], [[2, 2, 2], [-1, -1, -1], [-1, -1, -1]], [[1, 3, 1], [-1, -1, -1], [-1, -1, -1]], [[4, 1, 4], [-1, -1, -1], [-1, -1, -1]], [[-1, -1, -1], [-1, -1, -1], [-1, -1, -1]]]
[[[5, 5, 5], [5, -1, 5], [5, 5, 5]], [[2, 3, 2], [-1, -1, -1], [-1, -1, -1]], [[1, 1, 1], [-1, -1, -1], [-1, -1, -1]], [[4, 2, 4], [-1, -1, -1], [-1, -1, -1]], [[3, 4, 3], [-1, -1, -1], [-1, -1, -1]], [[-1, -1, -1], [-1, -1, -1], [-1, -1, -1]]]
pLL ID: V
[[[5, 5, 5], [5, -1, 5], [5, 5, 5]], [[1, 3, 3], [-1, -1, -1], [-1, -1, -1]], [[2, 2, 4], [-1, -1, -1], [-1, -1, -1]], [[3, 4, 1], [-1, -1, -1], [-1, -1, -1]], [[4, 1, 2], [-1, -1, -1], [-1, -1, -1]], [[-1, -1, -1], [-1, -1, -1], [-1, -1, -1]]]
[[[5, 5, 5], [5, -1, 5], [5, 5, 5]], [[4, 2, 2], [-1, -1, -1], [-1, -1, -1]], [[1, 1, 3], [-1, -1, -1], [-1, -1, -1]], [[2, 3, 4], [-1, -1, -1], [-1, -1, -1]], [[3, 4, 1], [-1, -1, -1], [-1, -1, -1]], [[-1, -1, -1], [-1, -1, -1], [-1, -1, -1]]]
[[[5, 5, 5], [5, -1, 5], [5, 5, 5]], [[3, 1, 1], [-1, -1, -1], [-1, -1, -1]], [[4, 4, 2], [-1, -1, -1], [-1, -1, -1]], [[1, 2, 3], [-1, -1, -1], [-1, -1, -1]], [[2, 3, 4], [-1, -1, -1], [-1, -1, -1]], [[-1, -1, -1], [-1, -1, -1], [-1, -1, -1]]]
[[[5, 5, 5], [5, -1, 5], [5, 5, 5]], [[2, 4, 4], [-1, -1, -1], [-1, -1, -1]], [[3, 3, 1], [-1, -1, -1], [-1, -1, -1]], [[4, 1, 2], [-1, -1, -1], [-1, -1, -1]], [[1, 2, 3], [-1, -1, -1], [-1, -1, -1]], [[-1, -1, -1], [-1, -1, -1], [-1, -1, -1]]]
pLL ID: Y
[[[5, 5, 5], [5, -1, 5], [5, 5, 5]], [[1, 4, 3], [-1, -1, -1], [-1, -1, -1]], [[2, 2, 4], [-1, -1, -1], [-1, -1, -1]], [[3, 1, 1], [-1, -1, -1], [-1, -1, -1]], [[4, 3, 2], [-1, -1, -1], [-1, -1, -1]], [[-1, -1, -1], [-1, -1, -1], [-1, -1, -1]]]
[[[5, 5, 5], [5, -1, 5], [5, 5, 5]], [[4, 3, 2], [-1, -1, -1], [-1, -1, -1]], [[1, 1, 3], [-1, -1, -1], [-1, -1, -1]], [[2, 4, 4], [-1, -1, -1], [-1, -1, -1]], [[3, 2, 1], [-1, -1, -1], [-1, -1, -1]], [[-1, -1, -1], [-1, -1, -1], [-1, -1, -1]]]
[[[5, 5, 5], [5, -1, 5], [5, 5, 5]], [[3, 2, 1], [-1, -1, -1], [-1, -1, -1]], [[4, 4, 2], [-1, -1, -1], [-1, -1, -1]], [[1, 3, 3], [-1, -1, -1], [-1, -1, -1]], [[2, 1, 4], [-1, -1, -1], [-1, -1, -1]], [[-1, -1, -1], [-1, -1, -1], [-1, -1, -1]]]
[[[5, 5, 5], [5, -1, 5], [5, 5, 5]], [[2, 1, 4], [-1, -1, -1], [-1, -1, -1]], [[3, 3, 1], [-1, -1, -1], [-1, -1, -1]], [[4, 2, 2], [-1, -1, -1], [-1, -1, -1]], [[1, 4, 3], [-1, -1, -1], [-1, -1, -1]], [[-1, -1, -1], [-1, -1, -1], [-1, -1, -1]]]
pLL ID: Z
[[[5, 5, 5], [5, -1, 5], [5, 5, 5]], [[2, 3, 2], [-1, -1, -1], [-1, -1, -1]], [[1, 4, 1], [-1, -1, -1], [-1, -1, -1]], [[4, 1, 4], [-1, -1, -1], [-1, -1, -1]], [[3, 2, 3], [-1, -1, -1], [-1, -1, -1]], [[-1, -1, -1], [-1, -1, -1], [-1, -1, -1]]]
[[[5, 5, 5], [5, -1, 5], [5, 5, 5]], [[1, 2, 1], [-1, -1, -1], [-1, -1, -1]], [[4, 3, 4], [-1, -1, -1], [-1, -1, -1]], [[3, 4, 3], [-1, -1, -1], [-1, -1, -1]], [[2, 1, 2], [-1, -1, -1], [-1, -1, -1]], [[-1, -1, -1], [-1, -1, -1], [-1, -1, -1]]]
[[[5, 5, 5], [5, -1, 5], [5, 5, 5]], [[4, 1, 4], [-1, -1, -1], [-1, -1, -1]], [[3, 2, 3], [-1, -1, -1], [-1, -1, -1]], [[2, 3, 2], [-1, -1, -1], [-1, -1, -1]], [[1, 4, 1], [-1, -1, -1], [-1, -1, -1]], [[-1, -1, -1], [-1, -1, -1], [-1, -1, -1]]]
[[[5, 5, 5], [5, -1, 5], [5, 5, 5]], [[3, 4, 3], [-1, -1, -1], [-1, -1, -1]], [[2, 1, 2], [-1, -1, -1], [-1, -1, -1]], [[1, 2, 1], [-1, -1, -1], [-1, -1, -1]], [[4, 3, 4], [-1, -1, -1], [-1, -1, -1]], [[-1, -1, -1], [-1, -1, -1], [-1, -1, -1]]]
